1 1 1
1 0 1
0 0 0
90 0 0
570 15896 16466
570 15896 -15326
570 15896 570
570 15896 9060720
13817 30679 44496
13817 30679 -16862
13817 30679 13817
13817 30679 423891743
29160 20513 49673
29160 20513 8647
29160 20513 8647
29160 20513 598159080
28132 21062 49194
28132 21062 7070
28132 21062 7070
28132 21062 592516184
30549 12281 42830
30549 12281 18268
30549 12281 5987
30549 12281 375172269
29512 29592 59104
29512 29592 -80
29512 29592 29512
29512 29592 873319104
7714 15752 23466
7714 15752 -8038
7714 15752 7714
7714 15752 121510928
24060 11676 35736
24060 11676 12384
24060 11676 708
24060 11676 280924560
25846 24745 50591
25846 24745 1101
25846 24745 1101
25846 24745 639559270
2812 27565 30377
2812 27565 -24753
2812 27565 2812
2812 27565 77512780
